-1.653668	-2.539634	-0.930435	-2.474733	0.574220	-0.392993	-3.319880
-1.939523	-2.633843	-0.781151	-2.186598	0.703231	-0.447407	-3.432880
-1.081253	-2.468051	-1.332401	-2.750754	0.060933	-0.211531	-3.076757
-1.504516	-2.463907	-0.541891	-2.408721	-0.297919	-0.593771	-2.940714
-1.421733	-2.094853	-0.583233	-2.025154	-0.076862	-0.594872	-3.427114
-1.665176	-2.689631	-0.830053	-1.919702	-0.090960	-0.072455	-2.806145
-1.847044	-3.164405	-0.973003	-1.598413	-0.585559	0.103824	-2.714861
-2.208832	-2.864988	-0.853303	-1.553698	-0.586199	-0.076656	-2.591281
-1.331725	-3.425374	-1.193675	-1.720396	-0.327939	-0.028133	-2.914600
-1.262671	-3.298706	-0.864386	-1.771235	0.004655	-0.230255	-2.678934
-2.141378	-2.353942	-0.387345	-1.928215	-0.080312	0.448421	-3.043843
-1.514302	-3.199799	-1.066165	-2.153168	-0.865704	0.627790	-3.279945
-1.233710	-3.852187	-1.391352	-1.474417	0.048016	-0.143213	-3.393860
-1.373041	-3.006987	-1.168673	-2.671063	-1.228237	0.687660	-3.854843
-1.013412	-3.987372	-1.086432	-1.893913	-1.013135	0.629832	-3.377378
-1.631723	-2.770327	-1.005346	-2.267064	-0.661994	1.255042	-2.642359
